=== N-Puzzle Solver Full Report ===
Size: 5x5
Heuristic: linear_conflict
Algorithm: greedy

Initial state:
16 23  4  1  6
19  9  5 14 17
15 12  0 13  2
 3 10 22 11 24
 7 20 18 21  8

Goal state (snail):
 1  2  3  4  5
16 17 18 19  6
15 24  0 20  7
14 23 22 21  8
13 12 11 10  9

Solution found!
Execution time: 0.016014 seconds (16 ms)
Number of moves: 238
Time complexity (states opened): 1311
Space complexity (max states in memory): 3105

=== Solution Path ===
--- Initial ---
16 23  4  1  6
19  9  5 14 17
15 12  0 13  2
 3 10 22 11 24
 7 20 18 21  8

--- Move 1 ---
16 23  4  1  6
19  9  5 14 17
15 12 13  0  2
 3 10 22 11 24
 7 20 18 21  8

--- Move 2 ---
16 23  4  1  6
19  9  5  0 17
15 12 13 14  2
 3 10 22 11 24
 7 20 18 21  8

--- Move 3 ---
16 23  4  1  6
19  9  0  5 17
15 12 13 14  2
 3 10 22 11 24
 7 20 18 21  8

--- Move 4 ---
16 23  0  1  6
19  9  4  5 17
15 12 13 14  2
 3 10 22 11 24
 7 20 18 21  8

--- Move 5 ---
16 23  1  0  6
19  9  4  5 17
15 12 13 14  2
 3 10 22 11 24
 7 20 18 21  8

--- Move 6 ---
16 23  1  5  6
19  9  4  0 17
15 12 13 14  2
 3 10 22 11 24
 7 20 18 21  8

--- Move 7 ---
16 23  1  5  6
19  9  0  4 17
15 12 13 14  2
 3 10 22 11 24
 7 20 18 21  8

--- Move 8 ---
16 23  1  5  6
19  0  9  4 17
15 12 13 14  2
 3 10 22 11 24
 7 20 18 21  8

--- Move 9 ---
16 23  1  5  6
 0 19  9  4 17
15 12 13 14  2
 3 10 22 11 24
 7 20 18 21  8

--- Move 10 ---
 0 23  1  5  6
16 19  9  4 17
15 12 13 14  2
 3 10 22 11 24
 7 20 18 21  8

--- Move 11 ---
23  0  1  5  6
16 19  9  4 17
15 12 13 14  2
 3 10 22 11 24
 7 20 18 21  8

--- Move 12 ---
23 19  1  5  6
16  0  9  4 17
15 12 13 14  2
 3 10 22 11 24
 7 20 18 21  8

--- Move 13 ---
23 19  1  5  6
16 12  9  4 17
15  0 13 14  2
 3 10 22 11 24
 7 20 18 21  8

--- Move 14 ---
23 19  1  5  6
16 12  9  4 17
15 13  0 14  2
 3 10 22 11 24
 7 20 18 21  8

--- Move 15 ---
23 19  1  5  6
16 12  9  4 17
15 13 14  0  2
 3 10 22 11 24
 7 20 18 21  8

--- Move 16 ---
23 19  1  5  6
16 12  9  4 17
15 13 14  2  0
 3 10 22 11 24
 7 20 18 21  8

--- Move 17 ---
23 19  1  5  6
16 12  9  4 17
15 13 14  2 24
 3 10 22 11  0
 7 20 18 21  8

--- Move 18 ---
23 19  1  5  6
16 12  9  4 17
15 13 14  2 24
 3 10 22 11  8
 7 20 18 21  0

--- Move 19 ---
23 19  1  5  6
16 12  9  4 17
15 13 14  2 24
 3 10 22 11  8
 7 20 18  0 21

--- Move 20 ---
23 19  1  5  6
16 12  9  4 17
15 13 14  2 24
 3 10 22  0  8
 7 20 18 11 21

--- Move 21 ---
23 19  1  5  6
16 12  9  4 17
15 13 14  2 24
 3 10  0 22  8
 7 20 18 11 21

--- Move 22 ---
23 19  1  5  6
16 12  9  4 17
15 13  0  2 24
 3 10 14 22  8
 7 20 18 11 21

--- Move 23 ---
23 19  1  5  6
16 12  9  4 17
15 13  2  0 24
 3 10 14 22  8
 7 20 18 11 21

--- Move 24 ---
23 19  1  5  6
16 12  9  4 17
15 13  2 24  0
 3 10 14 22  8
 7 20 18 11 21

--- Move 25 ---
23 19  1  5  6
16 12  9  4  0
15 13  2 24 17
 3 10 14 22  8
 7 20 18 11 21

--- Move 26 ---
23 19  1  5  0
16 12  9  4  6
15 13  2 24 17
 3 10 14 22  8
 7 20 18 11 21

--- Move 27 ---
23 19  1  0  5
16 12  9  4  6
15 13  2 24 17
 3 10 14 22  8
 7 20 18 11 21

--- Move 28 ---
23 19  1  4  5
16 12  9  0  6
15 13  2 24 17
 3 10 14 22  8
 7 20 18 11 21

--- Move 29 ---
23 19  1  4  5
16 12  0  9  6
15 13  2 24 17
 3 10 14 22  8
 7 20 18 11 21

--- Move 30 ---
23 19  1  4  5
16 12  2  9  6
15 13  0 24 17
 3 10 14 22  8
 7 20 18 11 21

--- Move 31 ---
23 19  1  4  5
16 12  2  9  6
15 13 24  0 17
 3 10 14 22  8
 7 20 18 11 21

--- Move 32 ---
23 19  1  4  5
16 12  2  0  6
15 13 24  9 17
 3 10 14 22  8
 7 20 18 11 21

--- Move 33 ---
23 19  1  4  5
16 12  0  2  6
15 13 24  9 17
 3 10 14 22  8
 7 20 18 11 21

--- Move 34 ---
23 19  1  4  5
16  0 12  2  6
15 13 24  9 17
 3 10 14 22  8
 7 20 18 11 21

--- Move 35 ---
23  0  1  4  5
16 19 12  2  6
15 13 24  9 17
 3 10 14 22  8
 7 20 18 11 21

--- Move 36 ---
23  1  0  4  5
16 19 12  2  6
15 13 24  9 17
 3 10 14 22  8
 7 20 18 11 21

--- Move 37 ---
23  1 12  4  5
16 19  0  2  6
15 13 24  9 17
 3 10 14 22  8
 7 20 18 11 21

--- Move 38 ---
23  1 12  4  5
16  0 19  2  6
15 13 24  9 17
 3 10 14 22  8
 7 20 18 11 21

--- Move 39 ---
23  1 12  4  5
 0 16 19  2  6
15 13 24  9 17
 3 10 14 22  8
 7 20 18 11 21

--- Move 40 ---
 0  1 12  4  5
23 16 19  2  6
15 13 24  9 17
 3 10 14 22  8
 7 20 18 11 21

--- Move 41 ---
 1  0 12  4  5
23 16 19  2  6
15 13 24  9 17
 3 10 14 22  8
 7 20 18 11 21

--- Move 42 ---
 1 12  0  4  5
23 16 19  2  6
15 13 24  9 17
 3 10 14 22  8
 7 20 18 11 21

--- Move 43 ---
 1 12 19  4  5
23 16  0  2  6
15 13 24  9 17
 3 10 14 22  8
 7 20 18 11 21

--- Move 44 ---
 1 12 19  4  5
23 16  2  0  6
15 13 24  9 17
 3 10 14 22  8
 7 20 18 11 21

--- Move 45 ---
 1 12 19  0  5
23 16  2  4  6
15 13 24  9 17
 3 10 14 22  8
 7 20 18 11 21

--- Move 46 ---
 1 12  0 19  5
23 16  2  4  6
15 13 24  9 17
 3 10 14 22  8
 7 20 18 11 21

--- Move 47 ---
 1 12  2 19  5
23 16  0  4  6
15 13 24  9 17
 3 10 14 22  8
 7 20 18 11 21

--- Move 48 ---
 1 12  2 19  5
23  0 16  4  6
15 13 24  9 17
 3 10 14 22  8
 7 20 18 11 21

--- Move 49 ---
 1  0  2 19  5
23 12 16  4  6
15 13 24  9 17
 3 10 14 22  8
 7 20 18 11 21

--- Move 50 ---
 1  2  0 19  5
23 12 16  4  6
15 13 24  9 17
 3 10 14 22  8
 7 20 18 11 21

--- Move 51 ---
 1  2 19  0  5
23 12 16  4  6
15 13 24  9 17
 3 10 14 22  8
 7 20 18 11 21

--- Move 52 ---
 1  2 19  4  5
23 12 16  0  6
15 13 24  9 17
 3 10 14 22  8
 7 20 18 11 21

--- Move 53 ---
 1  2 19  4  5
23 12 16  9  6
15 13 24  0 17
 3 10 14 22  8
 7 20 18 11 21

--- Move 54 ---
 1  2 19  4  5
23 12 16  9  6
15 13 24 17  0
 3 10 14 22  8
 7 20 18 11 21

--- Move 55 ---
 1  2 19  4  5
23 12 16  9  6
15 13 24 17  8
 3 10 14 22  0
 7 20 18 11 21

--- Move 56 ---
 1  2 19  4  5
23 12 16  9  6
15 13 24 17  8
 3 10 14 22 21
 7 20 18 11  0

--- Move 57 ---
 1  2 19  4  5
23 12 16  9  6
15 13 24 17  8
 3 10 14 22 21
 7 20 18  0 11

--- Move 58 ---
 1  2 19  4  5
23 12 16  9  6
15 13 24 17  8
 3 10 14 22 21
 7 20  0 18 11

--- Move 59 ---
 1  2 19  4  5
23 12 16  9  6
15 13 24 17  8
 3 10 14 22 21
 7  0 20 18 11

--- Move 60 ---
 1  2 19  4  5
23 12 16  9  6
15 13 24 17  8
 3 10 14 22 21
 0  7 20 18 11

--- Move 61 ---
 1  2 19  4  5
23 12 16  9  6
15 13 24 17  8
 0 10 14 22 21
 3  7 20 18 11

--- Move 62 ---
 1  2 19  4  5
23 12 16  9  6
15 13 24 17  8
10  0 14 22 21
 3  7 20 18 11

--- Move 63 ---
 1  2 19  4  5
23 12 16  9  6
15  0 24 17  8
10 13 14 22 21
 3  7 20 18 11

--- Move 64 ---
 1  2 19  4  5
23  0 16  9  6
15 12 24 17  8
10 13 14 22 21
 3  7 20 18 11

--- Move 65 ---
 1  2 19  4  5
23 16  0  9  6
15 12 24 17  8
10 13 14 22 21
 3  7 20 18 11

--- Move 66 ---
 1  2 19  4  5
23 16 24  9  6
15 12  0 17  8
10 13 14 22 21
 3  7 20 18 11

--- Move 67 ---
 1  2 19  4  5
23 16 24  9  6
15 12 17  0  8
10 13 14 22 21
 3  7 20 18 11

--- Move 68 ---
 1  2 19  4  5
23 16 24  0  6
15 12 17  9  8
10 13 14 22 21
 3  7 20 18 11

--- Move 69 ---
 1  2 19  4  5
23 16  0 24  6
15 12 17  9  8
10 13 14 22 21
 3  7 20 18 11

--- Move 70 ---
 1  2 19  4  5
23 16 17 24  6
15 12  0  9  8
10 13 14 22 21
 3  7 20 18 11

--- Move 71 ---
 1  2 19  4  5
23 16 17 24  6
15 12 14  9  8
10 13  0 22 21
 3  7 20 18 11

--- Move 72 ---
 1  2 19  4  5
23 16 17 24  6
15 12 14  9  8
10 13 20 22 21
 3  7  0 18 11

--- Move 73 ---
 1  2 19  4  5
23 16 17 24  6
15 12 14  9  8
10 13 20 22 21
 3  0  7 18 11

--- Move 74 ---
 1  2 19  4  5
23 16 17 24  6
15 12 14  9  8
10  0 20 22 21
 3 13  7 18 11

--- Move 75 ---
 1  2 19  4  5
23 16 17 24  6
15  0 14  9  8
10 12 20 22 21
 3 13  7 18 11

--- Move 76 ---
 1  2 19  4  5
23 16 17 24  6
15 14  0  9  8
10 12 20 22 21
 3 13  7 18 11

--- Move 77 ---
 1  2 19  4  5
23 16 17 24  6
15 14 20  9  8
10 12  0 22 21
 3 13  7 18 11

--- Move 78 ---
 1  2 19  4  5
23 16 17 24  6
15 14 20  9  8
10 12  7 22 21
 3 13  0 18 11

--- Move 79 ---
 1  2 19  4  5
23 16 17 24  6
15 14 20  9  8
10 12  7 22 21
 3 13 18  0 11

--- Move 80 ---
 1  2 19  4  5
23 16 17 24  6
15 14 20  9  8
10 12  7 22 21
 3 13 18 11  0

--- Move 81 ---
 1  2 19  4  5
23 16 17 24  6
15 14 20  9  8
10 12  7 22  0
 3 13 18 11 21

--- Move 82 ---
 1  2 19  4  5
23 16 17 24  6
15 14 20  9  0
10 12  7 22  8
 3 13 18 11 21

--- Move 83 ---
 1  2 19  4  5
23 16 17 24  6
15 14 20  0  9
10 12  7 22  8
 3 13 18 11 21

--- Move 84 ---
 1  2 19  4  5
23 16 17 24  6
15 14  0 20  9
10 12  7 22  8
 3 13 18 11 21

--- Move 85 ---
 1  2 19  4  5
23 16 17 24  6
15 14  7 20  9
10 12  0 22  8
 3 13 18 11 21

--- Move 86 ---
 1  2 19  4  5
23 16 17 24  6
15 14  7 20  9
10 12 18 22  8
 3 13  0 11 21

--- Move 87 ---
 1  2 19  4  5
23 16 17 24  6
15 14  7 20  9
10 12 18 22  8
 3 13 11  0 21

--- Move 88 ---
 1  2 19  4  5
23 16 17 24  6
15 14  7 20  9
10 12 18 22  8
 3 13 11 21  0

--- Move 89 ---
 1  2 19  4  5
23 16 17 24  6
15 14  7 20  9
10 12 18 22  0
 3 13 11 21  8

--- Move 90 ---
 1  2 19  4  5
23 16 17 24  6
15 14  7 20  0
10 12 18 22  9
 3 13 11 21  8

--- Move 91 ---
 1  2 19  4  5
23 16 17 24  6
15 14  7  0 20
10 12 18 22  9
 3 13 11 21  8

--- Move 92 ---
 1  2 19  4  5
23 16 17 24  6
15 14  0  7 20
10 12 18 22  9
 3 13 11 21  8

--- Move 93 ---
 1  2 19  4  5
23 16 17 24  6
15 14 18  7 20
10 12  0 22  9
 3 13 11 21  8

--- Move 94 ---
 1  2 19  4  5
23 16 17 24  6
15 14 18  7 20
10 12 22  0  9
 3 13 11 21  8

--- Move 95 ---
 1  2 19  4  5
23 16 17 24  6
15 14 18  7 20
10 12 22 21  9
 3 13 11  0  8

--- Move 96 ---
 1  2 19  4  5
23 16 17 24  6
15 14 18  7 20
10 12 22 21  9
 3 13 11  8  0

--- Move 97 ---
 1  2 19  4  5
23 16 17 24  6
15 14 18  7 20
10 12 22 21  0
 3 13 11  8  9

--- Move 98 ---
 1  2 19  4  5
23 16 17 24  6
15 14 18  7  0
10 12 22 21 20
 3 13 11  8  9

--- Move 99 ---
 1  2 19  4  5
23 16 17 24  6
15 14 18  0  7
10 12 22 21 20
 3 13 11  8  9

--- Move 100 ---
 1  2 19  4  5
23 16 17  0  6
15 14 18 24  7
10 12 22 21 20
 3 13 11  8  9

--- Move 101 ---
 1  2 19  4  5
23 16  0 17  6
15 14 18 24  7
10 12 22 21 20
 3 13 11  8  9

--- Move 102 ---
 1  2 19  4  5
23 16 18 17  6
15 14  0 24  7
10 12 22 21 20
 3 13 11  8  9

--- Move 103 ---
 1  2 19  4  5
23 16 18 17  6
15 14 24  0  7
10 12 22 21 20
 3 13 11  8  9

--- Move 104 ---
 1  2 19  4  5
23 16 18  0  6
15 14 24 17  7
10 12 22 21 20
 3 13 11  8  9

--- Move 105 ---
 1  2 19  4  5
23 16  0 18  6
15 14 24 17  7
10 12 22 21 20
 3 13 11  8  9

--- Move 106 ---
 1  2 19  4  5
23  0 16 18  6
15 14 24 17  7
10 12 22 21 20
 3 13 11  8  9

--- Move 107 ---
 1  2 19  4  5
 0 23 16 18  6
15 14 24 17  7
10 12 22 21 20
 3 13 11  8  9

--- Move 108 ---
 1  2 19  4  5
15 23 16 18  6
 0 14 24 17  7
10 12 22 21 20
 3 13 11  8  9

--- Move 109 ---
 1  2 19  4  5
15 23 16 18  6
14  0 24 17  7
10 12 22 21 20
 3 13 11  8  9

--- Move 110 ---
 1  2 19  4  5
15  0 16 18  6
14 23 24 17  7
10 12 22 21 20
 3 13 11  8  9

--- Move 111 ---
 1  2 19  4  5
15 16  0 18  6
14 23 24 17  7
10 12 22 21 20
 3 13 11  8  9

--- Move 112 ---
 1  2 19  4  5
15 16 24 18  6
14 23  0 17  7
10 12 22 21 20
 3 13 11  8  9

--- Move 113 ---
 1  2 19  4  5
15 16 24 18  6
14 23 17  0  7
10 12 22 21 20
 3 13 11  8  9

--- Move 114 ---
 1  2 19  4  5
15 16 24 18  6
14 23 17 21  7
10 12 22  0 20
 3 13 11  8  9

--- Move 115 ---
 1  2 19  4  5
15 16 24 18  6
14 23 17 21  7
10 12 22  8 20
 3 13 11  0  9

--- Move 116 ---
 1  2 19  4  5
15 16 24 18  6
14 23 17 21  7
10 12 22  8 20
 3 13 11  9  0

--- Move 117 ---
 1  2 19  4  5
15 16 24 18  6
14 23 17 21  7
10 12 22  8  0
 3 13 11  9 20

--- Move 118 ---
 1  2 19  4  5
15 16 24 18  6
14 23 17 21  7
10 12 22  0  8
 3 13 11  9 20

--- Move 119 ---
 1  2 19  4  5
15 16 24 18  6
14 23 17  0  7
10 12 22 21  8
 3 13 11  9 20

--- Move 120 ---
 1  2 19  4  5
15 16 24 18  6
14 23 17  7  0
10 12 22 21  8
 3 13 11  9 20

--- Move 121 ---
 1  2 19  4  5
15 16 24 18  6
14 23 17  7  8
10 12 22 21  0
 3 13 11  9 20

--- Move 122 ---
 1  2 19  4  5
15 16 24 18  6
14 23 17  7  8
10 12 22 21 20
 3 13 11  9  0

--- Move 123 ---
 1  2 19  4  5
15 16 24 18  6
14 23 17  7  8
10 12 22 21 20
 3 13 11  0  9

--- Move 124 ---
 1  2 19  4  5
15 16 24 18  6
14 23 17  7  8
10 12 22  0 20
 3 13 11 21  9

--- Move 125 ---
 1  2 19  4  5
15 16 24 18  6
14 23 17  7  8
10 12 22 20  0
 3 13 11 21  9

--- Move 126 ---
 1  2 19  4  5
15 16 24 18  6
14 23 17  7  0
10 12 22 20  8
 3 13 11 21  9

--- Move 127 ---
 1  2 19  4  5
15 16 24 18  6
14 23 17  0  7
10 12 22 20  8
 3 13 11 21  9

--- Move 128 ---
 1  2 19  4  5
15 16 24 18  6
14 23 17 20  7
10 12 22  0  8
 3 13 11 21  9

--- Move 129 ---
 1  2 19  4  5
15 16 24 18  6
14 23 17 20  7
10 12  0 22  8
 3 13 11 21  9

--- Move 130 ---
 1  2 19  4  5
15 16 24 18  6
14 23  0 20  7
10 12 17 22  8
 3 13 11 21  9

--- Move 131 ---
 1  2 19  4  5
15 16  0 18  6
14 23 24 20  7
10 12 17 22  8
 3 13 11 21  9

--- Move 132 ---
 1  2 19  4  5
15 16 18  0  6
14 23 24 20  7
10 12 17 22  8
 3 13 11 21  9

--- Move 133 ---
 1  2 19  4  5
15 16 18 20  6
14 23 24  0  7
10 12 17 22  8
 3 13 11 21  9

--- Move 134 ---
 1  2 19  4  5
15 16 18 20  6
14 23  0 24  7
10 12 17 22  8
 3 13 11 21  9

--- Move 135 ---
 1  2 19  4  5
15 16 18 20  6
14 23 17 24  7
10 12  0 22  8
 3 13 11 21  9

--- Move 136 ---
 1  2 19  4  5
15 16 18 20  6
14 23 17 24  7
10 12 22  0  8
 3 13 11 21  9

--- Move 137 ---
 1  2 19  4  5
15 16 18 20  6
14 23 17  0  7
10 12 22 24  8
 3 13 11 21  9

--- Move 138 ---
 1  2 19  4  5
15 16 18  0  6
14 23 17 20  7
10 12 22 24  8
 3 13 11 21  9

--- Move 139 ---
 1  2 19  4  5
15 16  0 18  6
14 23 17 20  7
10 12 22 24  8
 3 13 11 21  9

--- Move 140 ---
 1  2 19  4  5
15 16 17 18  6
14 23  0 20  7
10 12 22 24  8
 3 13 11 21  9

--- Move 141 ---
 1  2 19  4  5
15 16 17 18  6
14 23 22 20  7
10 12  0 24  8
 3 13 11 21  9

--- Move 142 ---
 1  2 19  4  5
15 16 17 18  6
14 23 22 20  7
10 12 24  0  8
 3 13 11 21  9

--- Move 143 ---
 1  2 19  4  5
15 16 17 18  6
14 23 22 20  7
10 12 24 21  8
 3 13 11  0  9

--- Move 144 ---
 1  2 19  4  5
15 16 17 18  6
14 23 22 20  7
10 12 24 21  8
 3 13  0 11  9

--- Move 145 ---
 1  2 19  4  5
15 16 17 18  6
14 23 22 20  7
10 12 24 21  8
 3  0 13 11  9

--- Move 146 ---
 1  2 19  4  5
15 16 17 18  6
14 23 22 20  7
10  0 24 21  8
 3 12 13 11  9

--- Move 147 ---
 1  2 19  4  5
15 16 17 18  6
14 23 22 20  7
 0 10 24 21  8
 3 12 13 11  9

--- Move 148 ---
 1  2 19  4  5
15 16 17 18  6
 0 23 22 20  7
14 10 24 21  8
 3 12 13 11  9

--- Move 149 ---
 1  2 19  4  5
 0 16 17 18  6
15 23 22 20  7
14 10 24 21  8
 3 12 13 11  9

--- Move 150 ---
 1  2 19  4  5
16  0 17 18  6
15 23 22 20  7
14 10 24 21  8
 3 12 13 11  9

--- Move 151 ---
 1  2 19  4  5
16 17  0 18  6
15 23 22 20  7
14 10 24 21  8
 3 12 13 11  9

--- Move 152 ---
 1  2 19  4  5
16 17 22 18  6
15 23  0 20  7
14 10 24 21  8
 3 12 13 11  9

--- Move 153 ---
 1  2 19  4  5
16 17 22 18  6
15 23 24 20  7
14 10  0 21  8
 3 12 13 11  9

--- Move 154 ---
 1  2 19  4  5
16 17 22 18  6
15 23 24 20  7
14  0 10 21  8
 3 12 13 11  9

--- Move 155 ---
 1  2 19  4  5
16 17 22 18  6
15  0 24 20  7
14 23 10 21  8
 3 12 13 11  9

--- Move 156 ---
 1  2 19  4  5
16 17 22 18  6
15 24  0 20  7
14 23 10 21  8
 3 12 13 11  9

--- Move 157 ---
 1  2 19  4  5
16 17  0 18  6
15 24 22 20  7
14 23 10 21  8
 3 12 13 11  9

--- Move 158 ---
 1  2 19  4  5
16 17 18  0  6
15 24 22 20  7
14 23 10 21  8
 3 12 13 11  9

--- Move 159 ---
 1  2 19  4  5
16 17 18 20  6
15 24 22  0  7
14 23 10 21  8
 3 12 13 11  9

--- Move 160 ---
 1  2 19  4  5
16 17 18 20  6
15 24 22 21  7
14 23 10  0  8
 3 12 13 11  9

--- Move 161 ---
 1  2 19  4  5
16 17 18 20  6
15 24 22 21  7
14 23  0 10  8
 3 12 13 11  9

--- Move 162 ---
 1  2 19  4  5
16 17 18 20  6
15 24 22 21  7
14 23 13 10  8
 3 12  0 11  9

--- Move 163 ---
 1  2 19  4  5
16 17 18 20  6
15 24 22 21  7
14 23 13 10  8
 3 12 11  0  9

--- Move 164 ---
 1  2 19  4  5
16 17 18 20  6
15 24 22 21  7
14 23 13  0  8
 3 12 11 10  9

--- Move 165 ---
 1  2 19  4  5
16 17 18 20  6
15 24 22  0  7
14 23 13 21  8
 3 12 11 10  9

--- Move 166 ---
 1  2 19  4  5
16 17 18  0  6
15 24 22 20  7
14 23 13 21  8
 3 12 11 10  9

--- Move 167 ---
 1  2 19  4  5
16 17  0 18  6
15 24 22 20  7
14 23 13 21  8
 3 12 11 10  9

--- Move 168 ---
 1  2  0  4  5
16 17 19 18  6
15 24 22 20  7
14 23 13 21  8
 3 12 11 10  9

--- Move 169 ---
 1  2  4  0  5
16 17 19 18  6
15 24 22 20  7
14 23 13 21  8
 3 12 11 10  9

--- Move 170 ---
 1  2  4 18  5
16 17 19  0  6
15 24 22 20  7
14 23 13 21  8
 3 12 11 10  9

--- Move 171 ---
 1  2  4 18  5
16 17  0 19  6
15 24 22 20  7
14 23 13 21  8
 3 12 11 10  9

--- Move 172 ---
 1  2  4 18  5
16  0 17 19  6
15 24 22 20  7
14 23 13 21  8
 3 12 11 10  9

--- Move 173 ---
 1  2  4 18  5
16 24 17 19  6
15  0 22 20  7
14 23 13 21  8
 3 12 11 10  9

--- Move 174 ---
 1  2  4 18  5
16 24 17 19  6
15 23 22 20  7
14  0 13 21  8
 3 12 11 10  9

--- Move 175 ---
 1  2  4 18  5
16 24 17 19  6
15 23 22 20  7
14 13  0 21  8
 3 12 11 10  9

--- Move 176 ---
 1  2  4 18  5
16 24 17 19  6
15 23  0 20  7
14 13 22 21  8
 3 12 11 10  9

--- Move 177 ---
 1  2  4 18  5
16 24 17 19  6
15 23 20  0  7
14 13 22 21  8
 3 12 11 10  9

--- Move 178 ---
 1  2  4 18  5
16 24 17  0  6
15 23 20 19  7
14 13 22 21  8
 3 12 11 10  9

--- Move 179 ---
 1  2  4  0  5
16 24 17 18  6
15 23 20 19  7
14 13 22 21  8
 3 12 11 10  9

--- Move 180 ---
 1  2  0  4  5
16 24 17 18  6
15 23 20 19  7
14 13 22 21  8
 3 12 11 10  9

--- Move 181 ---
 1  2 17  4  5
16 24  0 18  6
15 23 20 19  7
14 13 22 21  8
 3 12 11 10  9

--- Move 182 ---
 1  2 17  4  5
16 24 18  0  6
15 23 20 19  7
14 13 22 21  8
 3 12 11 10  9

--- Move 183 ---
 1  2 17  4  5
16 24 18 19  6
15 23 20  0  7
14 13 22 21  8
 3 12 11 10  9

--- Move 184 ---
 1  2 17  4  5
16 24 18 19  6
15 23  0 20  7
14 13 22 21  8
 3 12 11 10  9

--- Move 185 ---
 1  2 17  4  5
16 24 18 19  6
15  0 23 20  7
14 13 22 21  8
 3 12 11 10  9

--- Move 186 ---
 1  2 17  4  5
16 24 18 19  6
 0 15 23 20  7
14 13 22 21  8
 3 12 11 10  9

--- Move 187 ---
 1  2 17  4  5
16 24 18 19  6
14 15 23 20  7
 0 13 22 21  8
 3 12 11 10  9

--- Move 188 ---
 1  2 17  4  5
16 24 18 19  6
14 15 23 20  7
13  0 22 21  8
 3 12 11 10  9

--- Move 189 ---
 1  2 17  4  5
16 24 18 19  6
14 15 23 20  7
13 12 22 21  8
 3  0 11 10  9

--- Move 190 ---
 1  2 17  4  5
16 24 18 19  6
14 15 23 20  7
13 12 22 21  8
 0  3 11 10  9

--- Move 191 ---
 1  2 17  4  5
16 24 18 19  6
14 15 23 20  7
 0 12 22 21  8
13  3 11 10  9

--- Move 192 ---
 1  2 17  4  5
16 24 18 19  6
 0 15 23 20  7
14 12 22 21  8
13  3 11 10  9

--- Move 193 ---
 1  2 17  4  5
16 24 18 19  6
15  0 23 20  7
14 12 22 21  8
13  3 11 10  9

--- Move 194 ---
 1  2 17  4  5
16 24 18 19  6
15 23  0 20  7
14 12 22 21  8
13  3 11 10  9

--- Move 195 ---
 1  2 17  4  5
16 24 18 19  6
15 23 22 20  7
14 12  0 21  8
13  3 11 10  9

--- Move 196 ---
 1  2 17  4  5
16 24 18 19  6
15 23 22 20  7
14  0 12 21  8
13  3 11 10  9

--- Move 197 ---
 1  2 17  4  5
16 24 18 19  6
15 23 22 20  7
14  3 12 21  8
13  0 11 10  9

--- Move 198 ---
 1  2 17  4  5
16 24 18 19  6
15 23 22 20  7
14  3 12 21  8
13 11  0 10  9

--- Move 199 ---
 1  2 17  4  5
16 24 18 19  6
15 23 22 20  7
14  3  0 21  8
13 11 12 10  9

--- Move 200 ---
 1  2 17  4  5
16 24 18 19  6
15 23  0 20  7
14  3 22 21  8
13 11 12 10  9

--- Move 201 ---
 1  2 17  4  5
16 24 18 19  6
15  0 23 20  7
14  3 22 21  8
13 11 12 10  9

--- Move 202 ---
 1  2 17  4  5
16 24 18 19  6
15  3 23 20  7
14  0 22 21  8
13 11 12 10  9

--- Move 203 ---
 1  2 17  4  5
16 24 18 19  6
15  3 23 20  7
14 11 22 21  8
13  0 12 10  9

--- Move 204 ---
 1  2 17  4  5
16 24 18 19  6
15  3 23 20  7
14 11 22 21  8
13 12  0 10  9

--- Move 205 ---
 1  2 17  4  5
16 24 18 19  6
15  3 23 20  7
14 11  0 21  8
13 12 22 10  9

--- Move 206 ---
 1  2 17  4  5
16 24 18 19  6
15  3  0 20  7
14 11 23 21  8
13 12 22 10  9

--- Move 207 ---
 1  2 17  4  5
16 24 18 19  6
15  0  3 20  7
14 11 23 21  8
13 12 22 10  9

--- Move 208 ---
 1  2 17  4  5
16  0 18 19  6
15 24  3 20  7
14 11 23 21  8
13 12 22 10  9

--- Move 209 ---
 1  2 17  4  5
16 18  0 19  6
15 24  3 20  7
14 11 23 21  8
13 12 22 10  9

--- Move 210 ---
 1  2 17  4  5
16 18  3 19  6
15 24  0 20  7
14 11 23 21  8
13 12 22 10  9

--- Move 211 ---
 1  2 17  4  5
16 18  3 19  6
15  0 24 20  7
14 11 23 21  8
13 12 22 10  9

--- Move 212 ---
 1  2 17  4  5
16 18  3 19  6
15 11 24 20  7
14  0 23 21  8
13 12 22 10  9

--- Move 213 ---
 1  2 17  4  5
16 18  3 19  6
15 11 24 20  7
14 23  0 21  8
13 12 22 10  9

--- Move 214 ---
 1  2 17  4  5
16 18  3 19  6
15 11 24 20  7
14 23 22 21  8
13 12  0 10  9

--- Move 215 ---
 1  2 17  4  5
16 18  3 19  6
15 11 24 20  7
14 23 22 21  8
13  0 12 10  9

--- Move 216 ---
 1  2 17  4  5
16 18  3 19  6
15 11 24 20  7
14  0 22 21  8
13 23 12 10  9

--- Move 217 ---
 1  2 17  4  5
16 18  3 19  6
15  0 24 20  7
14 11 22 21  8
13 23 12 10  9

--- Move 218 ---
 1  2 17  4  5
16 18  3 19  6
15 24  0 20  7
14 11 22 21  8
13 23 12 10  9

--- Move 219 ---
 1  2 17  4  5
16 18  3 19  6
15 24 22 20  7
14 11  0 21  8
13 23 12 10  9

--- Move 220 ---
 1  2 17  4  5
16 18  3 19  6
15 24 22 20  7
14  0 11 21  8
13 23 12 10  9

--- Move 221 ---
 1  2 17  4  5
16 18  3 19  6
15 24 22 20  7
14 23 11 21  8
13  0 12 10  9

--- Move 222 ---
 1  2 17  4  5
16 18  3 19  6
15 24 22 20  7
14 23 11 21  8
13 12  0 10  9

--- Move 223 ---
 1  2 17  4  5
16 18  3 19  6
15 24 22 20  7
14 23  0 21  8
13 12 11 10  9

--- Move 224 ---
 1  2 17  4  5
16 18  3 19  6
15 24  0 20  7
14 23 22 21  8
13 12 11 10  9

--- Move 225 ---
 1  2 17  4  5
16 18  0 19  6
15 24  3 20  7
14 23 22 21  8
13 12 11 10  9

--- Move 226 ---
 1  2  0  4  5
16 18 17 19  6
15 24  3 20  7
14 23 22 21  8
13 12 11 10  9

--- Move 227 ---
 1  0  2  4  5
16 18 17 19  6
15 24  3 20  7
14 23 22 21  8
13 12 11 10  9

--- Move 228 ---
 1 18  2  4  5
16  0 17 19  6
15 24  3 20  7
14 23 22 21  8
13 12 11 10  9

--- Move 229 ---
 1 18  2  4  5
16 17  0 19  6
15 24  3 20  7
14 23 22 21  8
13 12 11 10  9

--- Move 230 ---
 1 18  2  4  5
16 17  3 19  6
15 24  0 20  7
14 23 22 21  8
13 12 11 10  9

--- Move 231 ---
 1 18  2  4  5
16 17  3 19  6
15  0 24 20  7
14 23 22 21  8
13 12 11 10  9

--- Move 232 ---
 1 18  2  4  5
16  0  3 19  6
15 17 24 20  7
14 23 22 21  8
13 12 11 10  9

--- Move 233 ---
 1  0  2  4  5
16 18  3 19  6
15 17 24 20  7
14 23 22 21  8
13 12 11 10  9

--- Move 234 ---
 1  2  0  4  5
16 18  3 19  6
15 17 24 20  7
14 23 22 21  8
13 12 11 10  9

--- Move 235 ---
 1  2  3  4  5
16 18  0 19  6
15 17 24 20  7
14 23 22 21  8
13 12 11 10  9

--- Move 236 ---
 1  2  3  4  5
16  0 18 19  6
15 17 24 20  7
14 23 22 21  8
13 12 11 10  9

--- Move 237 ---
 1  2  3  4  5
16 17 18 19  6
15  0 24 20  7
14 23 22 21  8
13 12 11 10  9

--- Move 238 ---
 1  2  3  4  5
16 17 18 19  6
15 24  0 20  7
14 23 22 21  8
13 12 11 10  9

