=== N-Puzzle Solver Full Report ===
Size: 7x7
Heuristic: linear_conflict
Algorithm: greedy

Initial state:
10  1 30 42 22 39 33
48 26  6 21 28 43 29
34 24  9 38 45  2 25
18 16 36 17 46 31 12
 8 32 44 47 27 19 35
13 40  4  5 14 20 37
15 11 41  7  0 23  3

Goal state (snail):
 1  2  3  4  5  6  7
24 25 26 27 28 29  8
23 40 41 42 43 30  9
22 39 48  0 44 31 10
21 38 47 46 45 32 11
20 37 36 35 34 33 12
19 18 17 16 15 14 13

Solution found!
Execution time: 0.0755593 seconds (75 ms)
Number of moves: 1204
Time complexity (states opened): 8726
Space complexity (max states in memory): 21396

=== Solution Path ===
--- Initial ---
10  1 30 42 22 39 33
48 26  6 21 28 43 29
34 24  9 38 45  2 25
18 16 36 17 46 31 12
 8 32 44 47 27 19 35
13 40  4  5 14 20 37
15 11 41  7  0 23  3

--- Move 1 ---
10  1 30 42 22 39 33
48 26  6 21 28 43 29
34 24  9 38 45  2 25
18 16 36 17 46 31 12
 8 32 44 47 27 19 35
13 40  4  5  0 20 37
15 11 41  7 14 23  3

--- Move 2 ---
10  1 30 42 22 39 33
48 26  6 21 28 43 29
34 24  9 38 45  2 25
18 16 36 17 46 31 12
 8 32 44 47 27 19 35
13 40  4  5 20  0 37
15 11 41  7 14 23  3

--- Move 3 ---
10  1 30 42 22 39 33
48 26  6 21 28 43 29
34 24  9 38 45  2 25
18 16 36 17 46 31 12
 8 32 44 47 27  0 35
13 40  4  5 20 19 37
15 11 41  7 14 23  3

--- Move 4 ---
10  1 30 42 22 39 33
48 26  6 21 28 43 29
34 24  9 38 45  2 25
18 16 36 17 46 31 12
 8 32 44 47 27 35  0
13 40  4  5 20 19 37
15 11 41  7 14 23  3

--- Move 5 ---
10  1 30 42 22 39 33
48 26  6 21 28 43 29
34 24  9 38 45  2 25
18 16 36 17 46 31  0
 8 32 44 47 27 35 12
13 40  4  5 20 19 37
15 11 41  7 14 23  3

--- Move 6 ---
10  1 30 42 22 39 33
48 26  6 21 28 43 29
34 24  9 38 45  2 25
18 16 36 17 46  0 31
 8 32 44 47 27 35 12
13 40  4  5 20 19 37
15 11 41  7 14 23  3

--- Move 7 ---
10  1 30 42 22 39 33
48 26  6 21 28 43 29
34 24  9 38 45  2 25
18 16 36 17  0 46 31
 8 32 44 47 27 35 12
13 40  4  5 20 19 37
15 11 41  7 14 23  3

--- Move 8 ---
10  1 30 42 22 39 33
48 26  6 21 28 43 29
34 24  9 38  0  2 25
18 16 36 17 45 46 31
 8 32 44 47 27 35 12
13 40  4  5 20 19 37
15 11 41  7 14 23  3

--- Move 9 ---
10  1 30 42 22 39 33
48 26  6 21 28 43 29
34 24  9 38  2  0 25
18 16 36 17 45 46 31
 8 32 44 47 27 35 12
13 40  4  5 20 19 37
15 11 41  7 14 23  3

--- Move 10 ---
10  1 30 42 22 39 33
48 26  6 21 28 43 29
34 24  9 38  2 25  0
18 16 36 17 45 46 31
 8 32 44 47 27 35 12
13 40  4  5 20 19 37
15 11 41  7 14 23  3

--- Move 11 ---
10  1 30 42 22 39 33
48 26  6 21 28 43  0
34 24  9 38  2 25 29
18 16 36 17 45 46 31
 8 32 44 47 27 35 12
13 40  4  5 20 19 37
15 11 41  7 14 23  3

--- Move 12 ---
10  1 30 42 22 39  0
48 26  6 21 28 43 33
34 24  9 38  2 25 29
18 16 36 17 45 46 31
 8 32 44 47 27 35 12
13 40  4  5 20 19 37
15 11 41  7 14 23  3

--- Move 13 ---
10  1 30 42 22  0 39
48 26  6 21 28 43 33
34 24  9 38  2 25 29
18 16 36 17 45 46 31
 8 32 44 47 27 35 12
13 40  4  5 20 19 37
15 11 41  7 14 23  3

--- Move 14 ---
10  1 30 42 22 43 39
48 26  6 21 28  0 33
34 24  9 38  2 25 29
18 16 36 17 45 46 31
 8 32 44 47 27 35 12
13 40  4  5 20 19 37
15 11 41  7 14 23  3

--- Move 15 ---
10  1 30 42 22 43 39
48 26  6 21 28 33  0
34 24  9 38  2 25 29
18 16 36 17 45 46 31
 8 32 44 47 27 35 12
13 40  4  5 20 19 37
15 11 41  7 14 23  3

--- Move 16 ---
10  1 30 42 22 43 39
48 26  6 21 28 33 29
34 24  9 38  2 25  0
18 16 36 17 45 46 31
 8 32 44 47 27 35 12
13 40  4  5 20 19 37
15 11 41  7 14 23  3

--- Move 17 ---
10  1 30 42 22 43 39
48 26  6 21 28 33 29
34 24  9 38  2  0 25
18 16 36 17 45 46 31
 8 32 44 47 27 35 12
13 40  4  5 20 19 37
15 11 41  7 14 23  3

--- Move 18 ---
10  1 30 42 22 43 39
48 26  6 21 28  0 29
34 24  9 38  2 33 25
18 16 36 17 45 46 31
 8 32 44 47 27 35 12
13 40  4  5 20 19 37
15 11 41  7 14 23  3

--- Move 19 ---
10  1 30 42 22 43 39
48 26  6 21 28 29  0
34 24  9 38  2 33 25
18 16 36 17 45 46 31
 8 32 44 47 27 35 12
13 40  4  5 20 19 37
15 11 41  7 14 23  3

--- Move 20 ---
10  1 30 42 22 43  0
48 26  6 21 28 29 39
34 24  9 38  2 33 25
18 16 36 17 45 46 31
 8 32 44 47 27 35 12
13 40  4  5 20 19 37
15 11 41  7 14 23  3

--- Move 21 ---
10  1 30 42 22  0 43
48 26  6 21 28 29 39
34 24  9 38  2 33 25
18 16 36 17 45 46 31
 8 32 44 47 27 35 12
13 40  4  5 20 19 37
15 11 41  7 14 23  3

--- Move 22 ---
10  1 30 42  0 22 43
48 26  6 21 28 29 39
34 24  9 38  2 33 25
18 16 36 17 45 46 31
 8 32 44 47 27 35 12
13 40  4  5 20 19 37
15 11 41  7 14 23  3

--- Move 23 ---
10  1 30  0 42 22 43
48 26  6 21 28 29 39
34 24  9 38  2 33 25
18 16 36 17 45 46 31
 8 32 44 47 27 35 12
13 40  4  5 20 19 37
15 11 41  7 14 23  3

--- Move 24 ---
10  1  0 30 42 22 43
48 26  6 21 28 29 39
34 24  9 38  2 33 25
18 16 36 17 45 46 31
 8 32 44 47 27 35 12
13 40  4  5 20 19 37
15 11 41  7 14 23  3

--- Move 25 ---
10  1  6 30 42 22 43
48 26  0 21 28 29 39
34 24  9 38  2 33 25
18 16 36 17 45 46 31
 8 32 44 47 27 35 12
13 40  4  5 20 19 37
15 11 41  7 14 23  3

--- Move 26 ---
10  1  6 30 42 22 43
48  0 26 21 28 29 39
34 24  9 38  2 33 25
18 16 36 17 45 46 31
 8 32 44 47 27 35 12
13 40  4  5 20 19 37
15 11 41  7 14 23  3

--- Move 27 ---
10  1  6 30 42 22 43
48 24 26 21 28 29 39
34  0  9 38  2 33 25
18 16 36 17 45 46 31
 8 32 44 47 27 35 12
13 40  4  5 20 19 37
15 11 41  7 14 23  3

--- Move 28 ---
10  1  6 30 42 22 43
48 24 26 21 28 29 39
 0 34  9 38  2 33 25
18 16 36 17 45 46 31
 8 32 44 47 27 35 12
13 40  4  5 20 19 37
15 11 41  7 14 23  3

--- Move 29 ---
10  1  6 30 42 22 43
 0 24 26 21 28 29 39
48 34  9 38  2 33 25
18 16 36 17 45 46 31
 8 32 44 47 27 35 12
13 40  4  5 20 19 37
15 11 41  7 14 23  3

--- Move 30 ---
 0  1  6 30 42 22 43
10 24 26 21 28 29 39
48 34  9 38  2 33 25
18 16 36 17 45 46 31
 8 32 44 47 27 35 12
13 40  4  5 20 19 37
15 11 41  7 14 23  3

--- Move 31 ---
 1  0  6 30 42 22 43
10 24 26 21 28 29 39
48 34  9 38  2 33 25
18 16 36 17 45 46 31
 8 32 44 47 27 35 12
13 40  4  5 20 19 37
15 11 41  7 14 23  3

--- Move 32 ---
 1 24  6 30 42 22 43
10  0 26 21 28 29 39
48 34  9 38  2 33 25
18 16 36 17 45 46 31
 8 32 44 47 27 35 12
13 40  4  5 20 19 37
15 11 41  7 14 23  3

--- Move 33 ---
 1 24  6 30 42 22 43
10 26  0 21 28 29 39
48 34  9 38  2 33 25
18 16 36 17 45 46 31
 8 32 44 47 27 35 12
13 40  4  5 20 19 37
15 11 41  7 14 23  3

--- Move 34 ---
 1 24  6 30 42 22 43
10 26 21  0 28 29 39
48 34  9 38  2 33 25
18 16 36 17 45 46 31
 8 32 44 47 27 35 12
13 40  4  5 20 19 37
15 11 41  7 14 23  3

--- Move 35 ---
 1 24  6  0 42 22 43
10 26 21 30 28 29 39
48 34  9 38  2 33 25
18 16 36 17 45 46 31
 8 32 44 47 27 35 12
13 40  4  5 20 19 37
15 11 41  7 14 23  3

--- Move 36 ---
 1 24  6 42  0 22 43
10 26 21 30 28 29 39
48 34  9 38  2 33 25
18 16 36 17 45 46 31
 8 32 44 47 27 35 12
13 40  4  5 20 19 37
15 11 41  7 14 23  3

--- Move 37 ---
 1 24  6 42 22  0 43
10 26 21 30 28 29 39
48 34  9 38  2 33 25
18 16 36 17 45 46 31
 8 32 44 47 27 35 12
13 40  4  5 20 19 37
15 11 41  7 14 23  3

--- Move 38 ---
 1 24  6 42 22 43  0
10 26 21 30 28 29 39
48 34  9 38  2 33 25
18 16 36 17 45 46 31
 8 32 44 47 27 35 12
13 40  4  5 20 19 37
15 11 41  7 14 23  3

--- Move 39 ---
 1 24  6 42 22 43 39
10 26 21 30 28 29  0
48 34  9 38  2 33 25
18 16 36 17 45 46 31
 8 32 44 47 27 35 12
13 40  4  5 20 19 37
15 11 41  7 14 23  3

--- Move 40 ---
 1 24  6 42 22 43 39
10 26 21 30 28  0 29
48 34  9 38  2 33 25
18 16 36 17 45 46 31
 8 32 44 47 27 35 12
13 40  4  5 20 19 37
15 11 41  7 14 23  3

--- Move 41 ---
 1 24  6 42 22 43 39
10 26 21 30  0 28 29
48 34  9 38  2 33 25
18 16 36 17 45 46 31
 8 32 44 47 27 35 12
13 40  4  5 20 19 37
15 11 41  7 14 23  3

--- Move 42 ---
 1 24  6 42 22 43 39
10 26 21  0 30 28 29
48 34  9 38  2 33 25
18 16 36 17 45 46 31
 8 32 44 47 27 35 12
13 40  4  5 20 19 37
15 11 41  7 14 23  3

--- Move 43 ---
 1 24  6  0 22 43 39
10 26 21 42 30 28 29
48 34  9 38  2 33 25
18 16 36 17 45 46 31
 8 32 44 47 27 35 12
13 40  4  5 20 19 37
15 11 41  7 14 23  3

--- Move 44 ---
 1 24  6 22  0 43 39
10 26 21 42 30 28 29
48 34  9 38  2 33 25
18 16 36 17 45 46 31
 8 32 44 47 27 35 12
13 40  4  5 20 19 37
15 11 41  7 14 23  3

--- Move 45 ---
 1 24  6 22 43  0 39
10 26 21 42 30 28 29
48 34  9 38  2 33 25
18 16 36 17 45 46 31
 8 32 44 47 27 35 12
13 40  4  5 20 19 37
15 11 41  7 14 23  3

--- Move 46 ---
 1 24  6 22 43 28 39
10 26 21 42 30  0 29
48 34  9 38  2 33 25
18 16 36 17 45 46 31
 8 32 44 47 27 35 12
13 40  4  5 20 19 37
15 11 41  7 14 23  3

--- Move 47 ---
 1 24  6 22 43 28 39
10 26 21 42  0 30 29
48 34  9 38  2 33 25
18 16 36 17 45 46 31
 8 32 44 47 27 35 12
13 40  4  5 20 19 37
15 11 41  7 14 23  3

--- Move 48 ---
 1 24  6 22 43 28 39
10 26 21 42  2 30 29
48 34  9 38  0 33 25
18 16 36 17 45 46 31
 8 32 44 47 27 35 12
13 40  4  5 20 19 37
15 11 41  7 14 23  3

--- Move 49 ---
 1 24  6 22 43 28 39
10 26 21 42  2 30 29
48 34  9  0 38 33 25
18 16 36 17 45 46 31
 8 32 44 47 27 35 12
13 40  4  5 20 19 37
15 11 41  7 14 23  3

--- Move 50 ---
 1 24  6 22 43 28 39
10 26 21 42  2 30 29
48 34  0  9 38 33 25
18 16 36 17 45 46 31
 8 32 44 47 27 35 12
13 40  4  5 20 19 37
15 11 41  7 14 23  3

--- Move 51 ---
 1 24  6 22 43 28 39
10 26  0 42  2 30 29
48 34 21  9 38 33 25
18 16 36 17 45 46 31
 8 32 44 47 27 35 12
13 40  4  5 20 19 37
15 11 41  7 14 23  3

--- Move 52 ---
 1 24  6 22 43 28 39
10  0 26 42  2 30 29
48 34 21  9 38 33 25
18 16 36 17 45 46 31
 8 32 44 47 27 35 12
13 40  4  5 20 19 37
15 11 41  7 14 23  3

--- Move 53 ---
 1  0  6 22 43 28 39
10 24 26 42  2 30 29
48 34 21  9 38 33 25
18 16 36 17 45 46 31
 8 32 44 47 27 35 12
13 40  4  5 20 19 37
15 11 41  7 14 23  3

--- Move 54 ---
 1  6  0 22 43 28 39
10 24 26 42  2 30 29
48 34 21  9 38 33 25
18 16 36 17 45 46 31
 8 32 44 47 27 35 12
13 40  4  5 20 19 37
15 11 41  7 14 23  3

--- Move 55 ---
 1  6 22  0 43 28 39
10 24 26 42  2 30 29
48 34 21  9 38 33 25
18 16 36 17 45 46 31
 8 32 44 47 27 35 12
13 40  4  5 20 19 37
15 11 41  7 14 23  3

--- Move 56 ---
 1  6 22 42 43 28 39
10 24 26  0  2 30 29
48 34 21  9 38 33 25
18 16 36 17 45 46 31
 8 32 44 47 27 35 12
13 40  4  5 20 19 37
15 11 41  7 14 23  3

--- Move 57 ---
 1  6 22 42 43 28 39
10 24 26  2  0 30 29
48 34 21  9 38 33 25
18 16 36 17 45 46 31
 8 32 44 47 27 35 12
13 40  4  5 20 19 37
15 11 41  7 14 23  3

--- Move 58 ---
 1  6 22 42  0 28 39
10 24 26  2 43 30 29
48 34 21  9 38 33 25
18 16 36 17 45 46 31
 8 32 44 47 27 35 12
13 40  4  5 20 19 37
15 11 41  7 14 23  3

--- Move 59 ---
 1  6 22 42 28  0 39
10 24 26  2 43 30 29
48 34 21  9 38 33 25
18 16 36 17 45 46 31
 8 32 44 47 27 35 12
13 40  4  5 20 19 37
15 11 41  7 14 23  3

--- Move 60 ---
 1  6 22 42 28 39  0
10 24 26  2 43 30 29
48 34 21  9 38 33 25
18 16 36 17 45 46 31
 8 32 44 47 27 35 12
13 40  4  5 20 19 37
15 11 41  7 14 23  3

--- Move 61 ---
 1  6 22 42 28 39 29
10 24 26  2 43 30  0
48 34 21  9 38 33 25
18 16 36 17 45 46 31
 8 32 44 47 27 35 12
13 40  4  5 20 19 37
15 11 41  7 14 23  3

--- Move 62 ---
 1  6 22 42 28 39 29
10 24 26  2 43  0 30
48 34 21  9 38 33 25
18 16 36 17 45 46 31
 8 32 44 47 27 35 12
13 40  4  5 20 19 37
15 11 41  7 14 23  3

--- Move 63 ---
 1  6 22 42 28  0 29
10 24 26  2 43 39 30
48 34 21  9 38 33 25
18 16 36 17 45 46 31
 8 32 44 47 27 35 12
13 40  4  5 20 19 37
15 11 41  7 14 23  3

--- Move 64 ---
 1  6 22 42 28 29  0
10 24 26  2 43 39 30
48 34 21  9 38 33 25
18 16 36 17 45 46 31
 8 32 44 47 27 35 12
13 40  4  5 20 19 37
15 11 41  7 14 23  3

--- Move 65 ---
 1  6 22 42 28 29 30
10 24 26  2 43 39  0
48 34 21  9 38 33 25
18 16 36 17 45 46 31
 8 32 44 47 27 35 12
13 40  4  5 20 19 37
15 11 41  7 14 23  3

--- Move 66 ---
 1  6 22 42 28 29 30
10 24 26  2 43 39 25
48 34 21  9 38 33  0
18 16 36 17 45 46 31
 8 32 44 47 27 35 12
13 40  4  5 20 19 37
15 11 41  7 14 23  3

--- Move 67 ---
 1  6 22 42 28 29 30
10 24 26  2 43 39 25
48 34 21  9 38  0 33
18 16 36 17 45 46 31
 8 32 44 47 27 35 12
13 40  4  5 20 19 37
15 11 41  7 14 23  3

--- Move 68 ---
 1  6 22 42 28 29 30
10 24 26  2 43  0 25
48 34 21  9 38 39 33
18 16 36 17 45 46 31
 8 32 44 47 27 35 12
13 40  4  5 20 19 37
15 11 41  7 14 23  3

--- Move 69 ---
 1  6 22 42 28 29 30
10 24 26  2 43 25  0
48 34 21  9 38 39 33
18 16 36 17 45 46 31
 8 32 44 47 27 35 12
13 40  4  5 20 19 37
15 11 41  7 14 23  3

--- Move 70 ---
 1  6 22 42 28 29  0
10 24 26  2 43 25 30
48 34 21  9 38 39 33
18 16 36 17 45 46 31
 8 32 44 47 27 35 12
13 40  4  5 20 19 37
15 11 41  7 14 23  3

--- Move 71 ---
 1  6 22 42 28  0 29
10 24 26  2 43 25 30
48 34 21  9 38 39 33
18 16 36 17 45 46 31
 8 32 44 47 27 35 12
13 40  4  5 20 19 37
15 11 41  7 14 23  3

--- Move 72 ---
 1  6 22 42 28 25 29
10 24 26  2 43  0 30
48 34 21  9 38 39 33
18 16 36 17 45 46 31
 8 32 44 47 27 35 12
13 40  4  5 20 19 37
15 11 41  7 14 23  3

--- Move 73 ---
 1  6 22 42 28 25 29
10 24 26  2  0 43 30
48 34 21  9 38 39 33
18 16 36 17 45 46 31
 8 32 44 47 27 35 12
13 40  4  5 20 19 37
15 11 41  7 14 23  3

--- Move 74 ---
 1  6 22 42  0 25 29
10 24 26  2 28 43 30
48 34 21  9 38 39 33
18 16 36 17 45 46 31
 8 32 44 47 27 35 12
13 40  4  5 20 19 37
15 11 41  7 14 23  3

--- Move 75 ---
 1  6 22 42 25  0 29
10 24 26  2 28 43 30
48 34 21  9 38 39 33
18 16 36 17 45 46 31
 8 32 44 47 27 35 12
13 40  4  5 20 19 37
15 11 41  7 14 23  3

--- Move 76 ---
 1  6 22 42 25 29  0
10 24 26  2 28 43 30
48 34 21  9 38 39 33
18 16 36 17 45 46 31
 8 32 44 47 27 35 12
13 40  4  5 20 19 37
15 11 41  7 14 23  3

--- Move 77 ---
 1  6 22 42 25 29 30
10 24 26  2 28 43  0
48 34 21  9 38 39 33
18 16 36 17 45 46 31
 8 32 44 47 27 35 12
13 40  4  5 20 19 37
15 11 41  7 14 23  3

--- Move 78 ---
 1  6 22 42 25 29 30
10 24 26  2 28 43 33
48 34 21  9 38 39  0
18 16 36 17 45 46 31
 8 32 44 47 27 35 12
13 40  4  5 20 19 37
15 11 41  7 14 23  3

--- Move 79 ---
 1  6 22 42 25 29 30
10 24 26  2 28 43 33
48 34 21  9 38 39 31
18 16 36 17 45 46  0
 8 32 44 47 27 35 12
13 40  4  5 20 19 37
15 11 41  7 14 23  3

--- Move 80 ---
 1  6 22 42 25 29 30
10 24 26  2 28 43 33
48 34 21  9 38 39 31
18 16 36 17 45  0 46
 8 32 44 47 27 35 12
13 40  4  5 20 19 37
15 11 41  7 14 23  3

--- Move 81 ---
 1  6 22 42 25 29 30
10 24 26  2 28 43 33
48 34 21  9 38  0 31
18 16 36 17 45 39 46
 8 32 44 47 27 35 12
13 40  4  5 20 19 37
15 11 41  7 14 23  3

--- Move 82 ---
 1  6 22 42 25 29 30
10 24 26  2 28 43 33
48 34 21  9 38 31  0
18 16 36 17 45 39 46
 8 32 44 47 27 35 12
13 40  4  5 20 19 37
15 11 41  7 14 23  3

--- Move 83 ---
 1  6 22 42 25 29 30
10 24 26  2 28 43  0
48 34 21  9 38 31 33
18 16 36 17 45 39 46
 8 32 44 47 27 35 12
13 40  4  5 20 19 37
15 11 41  7 14 23  3

--- Move 84 ---
 1  6 22 42 25 29  0
10 24 26  2 28 43 30
48 34 21  9 38 31 33
18 16 36 17 45 39 46
 8 32 44 47 27 35 12
13 40  4  5 20 19 37
15 11 41  7 14 23  3

--- Move 85 ---
 1  6 22 42 25  0 29
10 24 26  2 28 43 30
48 34 21  9 38 31 33
18 16 36 17 45 39 46
 8 32 44 47 27 35 12
13 40  4  5 20 19 37
15 11 41  7 14 23  3

--- Move 86 ---
 1  6 22 42 25 43 29
10 24 26  2 28  0 30
48 34 21  9 38 31 33
18 16 36 17 45 39 46
 8 32 44 47 27 35 12
13 40  4  5 20 19 37
15 11 41  7 14 23  3

--- Move 87 ---
 1  6 22 42 25 43 29
10 24 26  2 28 30  0
48 34 21  9 38 31 33
18 16 36 17 45 39 46
 8 32 44 47 27 35 12
13 40  4  5 20 19 37
15 11 41  7 14 23  3

--- Move 88 ---
 1  6 22 42 25 43  0
10 24 26  2 28 30 29
48 34 21  9 38 31 33
18 16 36 17 45 39 46
 8 32 44 47 27 35 12
13 40  4  5 20 19 37
15 11 41  7 14 23  3

--- Move 89 ---
 1  6 22 42 25  0 43
10 24 26  2 28 30 29
48 34 21  9 38 31 33
18 16 36 17 45 39 46
 8 32 44 47 27 35 12
13 40  4  5 20 19 37
15 11 41  7 14 23  3

--- Move 90 ---
 1  6 22 42 25 30 43
10 24 26  2 28  0 29
48 34 21  9 38 31 33
18 16 36 17 45 39 46
 8 32 44 47 27 35 12
13 40  4  5 20 19 37
15 11 41  7 14 23  3

--- Move 91 ---
 1  6 22 42 25 30 43
10 24 26  2 28 31 29
48 34 21  9 38  0 33
18 16 36 17 45 39 46
 8 32 44 47 27 35 12
13 40  4  5 20 19 37
15 11 41  7 14 23  3

--- Move 92 ---
 1  6 22 42 25 30 43
10 24 26  2 28 31 29
48 34 21  9 38 33  0
18 16 36 17 45 39 46
 8 32 44 47 27 35 12
13 40  4  5 20 19 37
15 11 41  7 14 23  3

--- Move 93 ---
 1  6 22 42 25 30 43
10 24 26  2 28 31 29
48 34 21  9 38 33 46
18 16 36 17 45 39  0
 8 32 44 47 27 35 12
13 40  4  5 20 19 37
15 11 41  7 14 23  3

--- Move 94 ---
 1  6 22 42 25 30 43
10 24 26  2 28 31 29
48 34 21  9 38 33 46
18 16 36 17 45  0 39
 8 32 44 47 27 35 12
13 40  4  5 20 19 37
15 11 41  7 14 23  3

--- Move 95 ---
 1  6 22 42 25 30 43
10 24 26  2 28 31 29
48 34 21  9 38  0 46
18 16 36 17 45 33 39
 8 32 44 47 27 35 12
13 40  4  5 20 19 37
15 11 41  7 14 23  3

--- Move 96 ---
 1  6 22 42 25 30 43
10 24 26  2 28  0 29
48 34 21  9 38 31 46
18 16 36 17 45 33 39
 8 32 44 47 27 35 12
13 40  4  5 20 19 37
15 11 41  7 14 23  3

--- Move 97 ---
 1  6 22 42 25  0 43
10 24 26  2 28 30 29
48 34 21  9 38 31 46
18 16 36 17 45 33 39
 8 32 44 47 27 35 12
13 40  4  5 20 19 37
15 11 41  7 14 23  3

--- Move 98 ---
 1  6 22 42 25 43  0
10 24 26  2 28 30 29
48 34 21  9 38 31 46
18 16 36 17 45 33 39
 8 32 44 47 27 35 12
13 40  4  5 20 19 37
15 11 41  7 14 23  3

--- Move 99 ---
 1  6 22 42 25 43 29
10 24 26  2 28 30  0
48 34 21  9 38 31 46
18 16 36 17 45 33 39
 8 32 44 47 27 35 12
13 40  4  5 20 19 37
15 11 41  7 14 23  3

--- Move 100 ---
 1  6 22 42 25 43 29
10 24 26  2 28 30 46
48 34 21  9 38 31  0
18 16 36 17 45 33 39
 8 32 44 47 27 35 12
13 40  4  5 20 19 37
15 11 41  7 14 23  3

--- Move 101 ---
 1  6 22 42 25 43 29
10 24 26  2 28 30 46
48 34 21  9 38 31 39
18 16 36 17 45 33  0
 8 32 44 47 27 35 12
13 40  4  5 20 19 37
15 11 41  7 14 23  3

--- Move 102 ---
 1  6 22 42 25 43 29
10 24 26  2 28 30 46
48 34 21  9 38 31 39
18 16 36 17 45  0 33
 8 32 44 47 27 35 12
13 40  4  5 20 19 37
15 11 41  7 14 23  3

--- Move 103 ---
 1  6 22 42 25 43 29
10 24 26  2 28 30 46
48 34 21  9 38  0 39
18 16 36 17 45 31 33
 8 32 44 47 27 35 12
13 40  4  5 20 19 37
15 11 41  7 14 23  3

--- Move 104 ---
 1  6 22 42 25 43 29
10 24 26  2 28 30 46
48 34 21  9 38 39  0
18 16 36 17 45 31 33
 8 32 44 47 27 35 12
13 40  4  5 20 19 37
15 11 41  7 14 23  3

--- Move 105 ---
 1  6 22 42 25 43 29
10 24 26  2 28 30  0
48 34 21  9 38 39 46
18 16 36 17 45 31 33
 8 32 44 47 27 35 12
13 40  4  5 20 19 37
15 11 41  7 14 23  3

--- Move 106 ---
 1  6 22 42 25 43  0
10 24 26  2 28 30 29
48 34 21  9 38 39 46
18 16 36 17 45 31 33
 8 32 44 47 27 35 12
13 40  4  5 20 19 37
15 11 41  7 14 23  3

--- Move 107 ---
 1  6 22 42 25  0 43
10 24 26  2 28 30 29
48 34 21  9 38 39 46
18 16 36 17 45 31 33
 8 32 44 47 27 35 12
13 40  4  5 20 19 37
15 11 41  7 14 23  3

--- Move 108 ---
 1  6 22 42 25 30 43
10 24 26  2 28  0 29
48 34 21  9 38 39 46
18 16 36 17 45 31 33
 8 32 44 47 27 35 12
13 40  4  5 20 19 37
15 11 41  7 14 23  3

--- Move 109 ---
 1  6 22 42 25 30 43
10 24 26  2  0 28 29
48 34 21  9 38 39 46
18 16 36 17 45 31 33
 8 32 44 47 27 35 12
13 40  4  5 20 19 37
15 11 41  7 14 23  3

--- Move 110 ---
 1  6 22 42 25 30 43
10 24 26  0  2 28 29
48 34 21  9 38 39 46
18 16 36 17 45 31 33
 8 32 44 47 27 35 12
13 40  4  5 20 19 37
15 11 41  7 14 23  3

--- Move 111 ---
 1  6 22  0 25 30 43
10 24 26 42  2 28 29
48 34 21  9 38 39 46
18 16 36 17 45 31 33
 8 32 44 47 27 35 12
13 40  4  5 20 19 37
15 11 41  7 14 23  3

--- Move 112 ---
 1  6 22 25  0 30 43
10 24 26 42  2 28 29
48 34 21  9 38 39 46
18 16 36 17 45 31 33
 8 32 44 47 27 35 12
13 40  4  5 20 19 37
15 11 41  7 14 23  3

--- Move 113 ---
 1  6 22 25  2 30 43
10 24 26 42  0 28 29
48 34 21  9 38 39 46
18 16 36 17 45 31 33
 8 32 44 47 27 35 12
13 40  4  5 20 19 37
15 11 41  7 14 23  3

--- Move 114 ---
 1  6 22 25  2 30 43
10 24 26 42 28  0 29
48 34 21  9 38 39 46
18 16 36 17 45 31 33
 8 32 44 47 27 35 12
13 40  4  5 20 19 37
15 11 41  7 14 23  3

--- Move 115 ---
 1  6 22 25  2  0 43
10 24 26 42 28 30 29
48 34 21  9 38 39 46
18 16 36 17 45 31 33
 8 32 44 47 27 35 12
13 40  4  5 20 19 37
15 11 41  7 14 23  3

--- Move 116 ---
 1  6 22 25  2 43  0
10 24 26 42 28 30 29
48 34 21  9 38 39 46
18 16 36 17 45 31 33
 8 32 44 47 27 35 12
13 40  4  5 20 19 37
15 11 41  7 14 23  3

--- Move 117 ---
 1  6 22 25  2 43 29
10 24 26 42 28 30  0
48 34 21  9 38 39 46
18 16 36 17 45 31 33
 8 32 44 47 27 35 12
13 40  4  5 20 19 37
15 11 41  7 14 23  3

--- Move 118 ---
 1  6 22 25  2 43 29
10 24 26 42 28  0 30
48 34 21  9 38 39 46
18 16 36 17 45 31 33
 8 32 44 47 27 35 12
13 40  4  5 20 19 37
15 11 41  7 14 23  3

--- Move 119 ---
 1  6 22 25  2 43 29
10 24 26 42 28 39 30
48 34 21  9 38  0 46
18 16 36 17 45 31 33
 8 32 44 47 27 35 12
13 40  4  5 20 19 37
15 11 41  7 14 23  3

--- Move 120 ---
 1  6 22 25  2 43 29
10 24 26 42 28 39 30
48 34 21  9 38 46  0
18 16 36 17 45 31 33
 8 32 44 47 27 35 12
13 40  4  5 20 19 37
15 11 41  7 14 23  3

--- Move 121 ---
 1  6 22 25  2 43 29
10 24 26 42 28 39 30
48 34 21  9 38 46 33
18 16 36 17 45 31  0
 8 32 44 47 27 35 12
13 40  4  5 20 19 37
15 11 41  7 14 23  3

--- Move 122 ---
 1  6 22 25  2 43 29
10 24 26 42 28 39 30
48 34 21  9 38 46 33
18 16 36 17 45  0 31
 8 32 44 47 27 35 12
13 40  4  5 20 19 37
15 11 41  7 14 23  3

--- Move 123 ---
 1  6 22 25  2 43 29
10 24 26 42 28 39 30
48 34 21  9 38  0 33
18 16 36 17 45 46 31
 8 32 44 47 27 35 12
13 40  4  5 20 19 37
15 11 41  7 14 23  3

--- Move 124 ---
 1  6 22 25  2 43 29
10 24 26 42 28  0 30
48 34 21  9 38 39 33
18 16 36 17 45 46 31
 8 32 44 47 27 35 12
13 40  4  5 20 19 37
15 11 41  7 14 23  3

--- Move 125 ---
 1  6 22 25  2 43 29
10 24 26 42 28 30  0
48 34 21  9 38 39 33
18 16 36 17 45 46 31
 8 32 44 47 27 35 12
13 40  4  5 20 19 37
15 11 41  7 14 23  3

--- Move 126 ---
 1  6 22 25  2 43 29
10 24 26 42 28 30 33
48 34 21  9 38 39  0
18 16 36 17 45 46 31
 8 32 44 47 27 35 12
13 40  4  5 20 19 37
15 11 41  7 14 23  3

--- Move 127 ---
 1  6 22 25  2 43 29
10 24 26 42 28 30 33
48 34 21  9 38  0 39
18 16 36 17 45 46 31
 8 32 44 47 27 35 12
13 40  4  5 20 19 37
15 11 41  7 14 23  3

--- Move 128 ---
 1  6 22 25  2 43 29
10 24 26 42 28 30 33
48 34 21  9  0 38 39
18 16 36 17 45 46 31
 8 32 44 47 27 35 12
13 40  4  5 20 19 37
15 11 41  7 14 23  3

--- Move 129 ---
 1  6 22 25  2 43 29
10 24 26 42 28 30 33
48 34 21  0  9 38 39
18 16 36 17 45 46 31
 8 32 44 47 27 35 12
13 40  4  5 20 19 37
15 11 41  7 14 23  3

--- Move 130 ---
 1  6 22 25  2 43 29
10 24 26  0 28 30 33
48 34 21 42  9 38 39
18 16 36 17 45 46 31
 8 32 44 47 27 35 12
13 40  4  5 20 19 37
15 11 41  7 14 23  3

--- Move 131 ---
 1  6 22 25  2 43 29
10 24  0 26 28 30 33
48 34 21 42  9 38 39
18 16 36 17 45 46 31
 8 32 44 47 27 35 12
13 40  4  5 20 19 37
15 11 41  7 14 23  3

--- Move 132 ---
 1  6  0 25  2 43 29
10 24 22 26 28 30 33
48 34 21 42  9 38 39
18 16 36 17 45 46 31
 8 32 44 47 27 35 12
13 40  4  5 20 19 37
15 11 41  7 14 23  3

--- Move 133 ---
 1  0  6 25  2 43 29
10 24 22 26 28 30 33
48 34 21 42  9 38 39
18 16 36 17 45 46 31
 8 32 44 47 27 35 12
13 40  4  5 20 19 37
15 11 41  7 14 23  3

--- Move 134 ---
 1 24  6 25  2 43 29
10  0 22 26 28 30 33
48 34 21 42  9 38 39
18 16 36 17 45 46 31
 8 32 44 47 27 35 12
13 40  4  5 20 19 37
15 11 41  7 14 23  3

--- Move 135 ---
 1 24  6 25  2 43 29
10 22  0 26 28 30 33
48 34 21 42  9 38 39
18 16 36 17 45 46 31
 8 32 44 47 27 35 12
13 40  4  5 20 19 37
15 11 41  7 14 23  3

--- Move 136 ---
 1 24  0 25  2 43 29
10 22  6 26 28 30 33
48 34 21 42  9 38 39
18 16 36 17 45 46 31
 8 32 44 47 27 35 12
13 40  4  5 20 19 37
15 11 41  7 14 23  3

--- Move 137 ---
 1 24 25  0  2 43 29
10 22  6 26 28 30 33
48 34 21 42  9 38 39
18 16 36 17 45 46 31
 8 32 44 47 27 35 12
13 40  4  5 20 19 37
15 11 41  7 14 23  3

--- Move 138 ---
 1 24 25 26  2 43 29
10 22  6  0 28 30 33
48 34 21 42  9 38 39
18 16 36 17 45 46 31
 8 32 44 47 27 35 12
13 40  4  5 20 19 37
15 11 41  7 14 23  3

--- Move 139 ---
 1 24 25 26  2 43 29
10 22  0  6 28 30 33
48 34 21 42  9 38 39
18 16 36 17 45 46 31
 8 32 44 47 27 35 12
13 40  4  5 20 19 37
15 11 41  7 14 23  3

--- Move 140 ---
 1 24  0 26  2 43 29
10 22 25  6 28 30 33
48 34 21 42  9 38 39
18 16 36 17 45 46 31
 8 32 44 47 27 35 12
13 40  4  5 20 19 37
15 11 41  7 14 23  3

--- Move 141 ---
 1 24 26  0  2 43 29
10 22 25  6 28 30 33
48 34 21 42  9 38 39
18 16 36 17 45 46 31
 8 32 44 47 27 35 12
13 40  4  5 20 19 37
15 11 41  7 14 23  3

--- Move 142 ---
 1 24 26  2  0 43 29
10 22 25  6 28 30 33
48 34 21 42  9 38 39
18 16 36 17 45 46 31
 8 32 44 47 27 35 12
13 40  4  5 20 19 37
15 11 41  7 14 23  3

--- Move 143 ---
 1 24 26  2 28 43 29
10 22 25  6  0 30 33
48 34 21 42  9 38 39
18 16 36 17 45 46 31
 8 32 44 47 27 35 12
13 40  4  5 20 19 37
15 11 41  7 14 23  3

--- Move 144 ---
 1 24 26  2 28 43 29
10 22 25  6  9 30 33
48 34 21 42  0 38 39
18 16 36 17 45 46 31
 8 32 44 47 27 35 12
13 40  4  5 20 19 37
15 11 41  7 14 23  3

--- Move 145 ---
 1 24 26  2 28 43 29
10 22 25  6  9 30 33
48 34 21 42 38  0 39
18 16 36 17 45 46 31
 8 32 44 47 27 35 12
13 40  4  5 20 19 37
15 11 41  7 14 23  3

--- Move 146 ---
 1 24 26  2 28 43 29
10 22 25  6  9  0 33
48 34 21 42 38 30 39
18 16 36 17 45 46 31
 8 32 44 47 27 35 12
13 40  4  5 20 19 37
15 11 41  7 14 23  3

--- Move 147 ---
 1 24 26  2 28 43 29
10 22 25  6  0  9 33
48 34 21 42 38 30 39
18 16 36 17 45 46 31
 8 32 44 47 27 35 12
13 40  4  5 20 19 37
15 11 41  7 14 23  3

--- Move 148 ---
 1 24 26  2  0 43 29
10 22 25  6 28  9 33
48 34 21 42 38 30 39
18 16 36 17 45 46 31
 8 32 44 47 27 35 12
13 40  4  5 20 19 37
15 11 41  7 14 23  3

--- Move 149 ---
 1 24 26  2 43  0 29
10 22 25  6 28  9 33
48 34 21 42 38 30 39
18 16 36 17 45 46 31
 8 32 44 47 27 35 12
13 40  4  5 20 19 37
15 11 41  7 14 23  3

--- Move 150 ---
 1 24 26  2 43 29  0
10 22 25  6 28  9 33
48 34 21 42 38 30 39
18 16 36 17 45 46 31
 8 32 44 47 27 35 12
13 40  4  5 20 19 37
15 11 41  7 14 23  3

--- Move 151 ---
 1 24 26  2 43 29 33
10 22 25  6 28  9  0
48 34 21 42 38 30 39
18 16 36 17 45 46 31
 8 32 44 47 27 35 12
13 40  4  5 20 19 37
15 11 41  7 14 23  3

--- Move 152 ---
 1 24 26  2 43 29 33
10 22 25  6 28  0  9
48 34 21 42 38 30 39
18 16 36 17 45 46 31
 8 32 44 47 27 35 12
13 40  4  5 20 19 37
15 11 41  7 14 23  3

--- Move 153 ---
 1 24 26  2 43 29 33
10 22 25  6  0 28  9
48 34 21 42 38 30 39
18 16 36 17 45 46 31
 8 32 44 47 27 35 12
13 40  4  5 20 19 37
15 11 41  7 14 23  3

--- Move 154 ---
 1 24 26  2 43 29 33
10 22 25  0  6 28  9
48 34 21 42 38 30 39
18 16 36 17 45 46 31
 8 32 44 47 27 35 12
13 40  4  5 20 19 37
15 11 41  7 14 23  3

--- Move 155 ---
 1 24 26  2 43 29 33
10 22 25 42  6 28  9
48 34 21  0 38 30 39
18 16 36 17 45 46 31
 8 32 44 47 27 35 12
13 40  4  5 20 19 37
15 11 41  7 14 23  3

--- Move 156 ---
 1 24 26  2 43 29 33
10 22 25 42  6 28  9
48 34 21 38  0 30 39
18 16 36 17 45 46 31
 8 32 44 47 27 35 12
13 40  4  5 20 19 37
15 11 41  7 14 23  3

--- Move 157 ---
 1 24 26  2 43 29 33
10 22 25 42  6 28  9
48 34 21 38 45 30 39
18 16 36 17  0 46 31
 8 32 44 47 27 35 12
13 40  4  5 20 19 37
15 11 41  7 14 23  3

--- Move 158 ---
 1 24 26  2 43 29 33
10 22 25 42  6 28  9
48 34 21 38 45 30 39
18 16 36 17 27 46 31
 8 32 44 47  0 35 12
13 40  4  5 20 19 37
15 11 41  7 14 23  3

--- Move 159 ---
 1 24 26  2 43 29 33
10 22 25 42  6 28  9
48 34 21 38 45 30 39
18 16 36 17 27 46 31
 8 32 44 47 35  0 12
13 40  4  5 20 19 37
15 11 41  7 14 23  3

--- Move 160 ---
 1 24 26  2 43 29 33
10 22 25 42  6 28  9
48 34 21 38 45 30 39
18 16 36 17 27 46 31
 8 32 44 47 35 19 12
13 40  4  5 20  0 37
15 11 41  7 14 23  3

--- Move 161 ---
 1 24 26  2 43 29 33
10 22 25 42  6 28  9
48 34 21 38 45 30 39
18 16 36 17 27 46 31
 8 32 44 47 35 19 12
13 40  4  5 20 23 37
15 11 41  7 14  0  3

--- Move 162 ---
 1 24 26  2 43 29 33
10 22 25 42  6 28  9
48 34 21 38 45 30 39
18 16 36 17 27 46 31
 8 32 44 47 35 19 12
13 40  4  5 20 23 37
15 11 41  7  0 14  3

--- Move 163 ---
 1 24 26  2 43 29 33
10 22 25 42  6 28  9
48 34 21 38 45 30 39
18 16 36 17 27 46 31
 8 32 44 47 35 19 12
13 40  4  5 20 23 37
15 11 41  0  7 14  3

--- Move 164 ---
 1 24 26  2 43 29 33
10 22 25 42  6 28  9
48 34 21 38 45 30 39
18 16 36 17 27 46 31
 8 32 44 47 35 19 12
13 40  4  5 20 23 37
15 11  0 41  7 14  3

--- Move 165 ---
 1 24 26  2 43 29 33
10 22 25 42  6 28  9
48 34 21 38 45 30 39
18 16 36 17 27 46 31
 8 32 44 47 35 19 12
13 40  4  5 20 23 37
15  0 11 41  7 14  3

--- Move 166 ---
 1 24 26  2 43 29 33
10 22 25 42  6 28  9
48 34 21 38 45 30 39
18 16 36 17 27 46 31
 8 32 44 47 35 19 12
13  0  4  5 20 23 37
15 40 11 41  7 14  3

--- Move 167 ---
 1 24 26  2 43 29 33
10 22 25 42  6 28  9
48 34 21 38 45 30 39
18 16 36 17 27 46 31
 8  0 44 47 35 19 12
13 32  4  5 20 23 37
15 40 11 41  7 14  3

--- Move 168 ---
 1 24 26  2 43 29 33
10 22 25 42  6 28  9
48 34 21 38 45 30 39
18  0 36 17 27 46 31
 8 16 44 47 35 19 12
13 32  4  5 20 23 37
15 40 11 41  7 14  3

--- Move 169 ---
 1 24 26  2 43 29 33
10 22 25 42  6 28  9
48  0 21 38 45 30 39
18 34 36 17 27 46 31
 8 16 44 47 35 19 12
13 32  4  5 20 23 37
15 40 11 41  7 14  3

--- Move 170 ---
 1 24 26  2 43 29 33
10  0 25 42  6 28  9
48 22 21 38 45 30 39
18 34 36 17 27 46 31
 8 16 44 47 35 19 12
13 32  4  5 20 23 37
15 40 11 41  7 14  3

--- Move 171 ---
 1 24 26  2 43 29 33
10 25  0 42  6 28  9
48 22 21 38 45 30 39
18 34 36 17 27 46 31
 8 16 44 47 35 19 12
13 32  4  5 20 23 37
15 40 11 41  7 14  3

--- Move 172 ---
 1 24  0  2 43 29 33
10 25 26 42  6 28  9
48 22 21 38 45 30 39
18 34 36 17 27 46 31
 8 16 44 47 35 19 12
13 32  4  5 20 23 37
15 40 11 41  7 14  3

--- Move 173 ---
 1 24  2  0 43 29 33
10 25 26 42  6 28  9
48 22 21 38 45 30 39
18 34 36 17 27 46 31
 8 16 44 47 35 19 12
13 32  4  5 20 23 37
15 40 11 41  7 14  3

--- Move 174 ---
 1 24  2 43  0 29 33
10 25 26 42  6 28  9
48 22 21 38 45 30 39
18 34 36 17 27 46 31
 8 16 44 47 35 19 12
13 32  4  5 20 23 37
15 40 11 41  7 14  3

--- Move 175 ---
 1 24  2 43  6 29 33
10 25 26 42  0 28  9
48 22 21 38 45 30 39
18 34 36 17 27 46 31
 8 16 44 47 35 19 12
13 32  4  5 20 23 37
15 40 11 41  7 14  3

--- Move 176 ---
 1 24  2 43  6 29 33
10 25 26 42 28  0  9
48 22 21 38 45 30 39
18 34 36 17 27 46 31
 8 16 44 47 35 19 12
13 32  4  5 20 23 37
15 40 11 41  7 14  3

--- Move 177 ---
 1 24  2 43  6  0 33
10 25 26 42 28 29  9
48 22 21 38 45 30 39
18 34 36 17 27 46 31
 8 16 44 47 35 19 12
13 32  4  5 20 23 37
15 40 11 41  7 14  3

--- Move 178 ---
 1 24  2 43  0  6 33
10 25 26 42 28 29  9
48 22 21 38 45 30 39
18 34 36 17 27 46 31
 8 16 44 47 35 19 12
13 32  4  5 20 23 37
15 40 11 41  7 14  3

--- Move 179 ---
 1 24  2 43 28  6 33
10 25 26 42  0 29  9
48 22 21 38 45 30 39
18 34 36 17 27 46 31
 8 16 44 47 35 19 12
13 32  4  5 20 23 37
15 40 11 41  7 14  3

--- Move 180 ---
 1 24  2 43 28  6 33
10 25 26 42 45 29  9
48 22 21 38  0 30 39
18 34 36 17 27 46 31
 8 16 44 47 35 19 12
13 32  4  5 20 23 37
15 40 11 41  7 14  3

--- Move 181 ---
 1 24  2 43 28  6 33
10 25 26 42 45 29  9
48 22 21 38 27 30 39
18 34 36 17  0 46 31
 8 16 44 47 35 19 12
13 32  4  5 20 23 37
15 40 11 41  7 14  3

--- Move 182 ---
 1 24  2 43 28  6 33
10 25 26 42 45 29  9
48 22 21 38 27 30 39
18 34 36 17 46  0 31
 8 16 44 47 35 19 12
13 32  4  5 20 23 37
15 40 11 41  7 14  3

--- Move 183 ---
 1 24  2 43 28  6 33
10 25 26 42 45 29  9
48 22 21 38 27 30 39
18 34 36 17 46 19 31
 8 16 44 47 35  0 12
13 32  4  5 20 23 37
15 40 11 41  7 14  3

--- Move 184 ---
 1 24  2 43 28  6 33
10 25 26 42 45 29  9
48 22 21 38 27 30 39
18 34 36 17 46 19 31
 8 16 44 47 35 23 12
13 32  4  5 20  0 37
15 40 11 41  7 14  3

--- Move 185 ---
 1 24  2 43 28  6 33
10 25 26 42 45 29  9
48 22 21 38 27 30 39
18 34 36 17 46 19 31
 8 16 44 47 35 23 12
13 32  4  5 20 37  0
15 40 11 41  7 14  3

--- Move 186 ---
 1 24  2 43 28  6 33
10 25 26 42 45 29  9
48 22 21 38 27 30 39
18 34 36 17 46 19 31
 8 16 44 47 35 23  0
13 32  4  5 20 37 12
15 40 11 41  7 14  3

--- Move 187 ---
 1 24  2 43 28  6 33
10 25 26 42 45 29  9
48 22 21 38 27 30 39
18 34 36 17 46 19 31
 8 16 44 47 35  0 23
13 32  4  5 20 37 12
15 40 11 41  7 14  3

--- Move 188 ---
 1 24  2 43 28  6 33
10 25 26 42 45 29  9
48 22 21 38 27 30 39
18 34 36 17 46  0 31
 8 16 44 47 35 19 23
13 32  4  5 20 37 12
15 40 11 41  7 14  3

--- Move 189 ---
 1 24  2 43 28  6 33
10 25 26 42 45 29  9
48 22 21 38 27 30 39
18 34 36 17 46 31  0
 8 16 44 47 35 19 23
13 32  4  5 20 37 12
15 40 11 41  7 14  3

--- Move 190 ---
 1 24  2 43 28  6 33
10 25 26 42 45 29  9
48 22 21 38 27 30 39
18 34 36 17 46 31 23
 8 16 44 47 35 19  0
13 32  4  5 20 37 12
15 40 11 41  7 14  3

--- Move 191 ---
 1 24  2 43 28  6 33
10 25 26 42 45 29  9
48 22 21 38 27 30 39
18 34 36 17 46 31 23
 8 16 44 47 35 19 12
13 32  4  5 20 37  0
15 40 11 41  7 14  3

--- Move 192 ---
 1 24  2 43 28  6 33
10 25 26 42 45 29  9
48 22 21 38 27 30 39
18 34 36 17 46 31 23
 8 16 44 47 35 19 12
13 32  4  5 20 37  3
15 40 11 41  7 14  0

--- Move 193 ---
 1 24  2 43 28  6 33
10 25 26 42 45 29  9
48 22 21 38 27 30 39
18 34 36 17 46 31 23
 8 16 44 47 35 19 12
13 32  4  5 20 37  3
15 40 11 41  7  0 14

--- Move 194 ---
 1 24  2 43 28  6 33
10 25 26 42 45 29  9
48 22 21 38 27 30 39
18 34 36 17 46 31 23
 8 16 44 47 35 19 12
13 32  4  5 20 37  3
15 40 11 41  0  7 14

--- Move 195 ---
 1 24  2 43 28  6 33
10 25 26 42 45 29  9
48 22 21 38 27 30 39
18 34 36 17 46 31 23
 8 16 44 47 35 19 12
13 32  4  5  0 37  3
15 40 11 41 20  7 14

--- Move 196 ---
 1 24  2 43 28  6 33
10 25 26 42 45 29  9
48 22 21 38 27 30 39
18 34 36 17 46 31 23
 8 16 44 47 35 19 12
13 32  4  5 37  0  3
15 40 11 41 20  7 14

--- Move 197 ---
 1 24  2 43 28  6 33
10 25 26 42 45 29  9
48 22 21 38 27 30 39
18 34 36 17 46 31 23
 8 16 44 47 35 19 12
13 32  4  5 37  3  0
15 40 11 41 20  7 14

--- Move 198 ---
 1 24  2 43 28  6 33
10 25 26 42 45 29  9
48 22 21 38 27 30 39
18 34 36 17 46 31 23
 8 16 44 47 35 19  0
13 32  4  5 37  3 12
15 40 11 41 20  7 14

--- Move 199 ---
 1 24  2 43 28  6 33
10 25 26 42 45 29  9
48 22 21 38 27 30 39
18 34 36 17 46 31 23
 8 16 44 47 35  0 19
13 32  4  5 37  3 12
15 40 11 41 20  7 14

--- Move 200 ---
 1 24  2 43 28  6 33
10 25 26 42 45 29  9
48 22 21 38 27 30 39
18 34 36 17 46 31 23
 8 16 44 47 35  3 19
13 32  4  5 37  0 12
15 40 11 41 20  7 14

--- Move 201 ---
 1 24  2 43 28  6 33
10 25 26 42 45 29  9
48 22 21 38 27 30 39
18 34 36 17 46 31 23
 8 16 44 47 35  3 19
13 32  4  5 37  7 12
15 40 11 41 20  0 14

--- Move 202 ---
 1 24  2 43 28  6 33
10 25 26 42 45 29  9
48 22 21 38 27 30 39
18 34 36 17 46 31 23
 8 16 44 47 35  3 19
13 32  4  5 37  7 12
15 40 11 41 20 14  0

--- Move 203 ---
 1 24  2 43 28  6 33
10 25 26 42 45 29  9
48 22 21 38 27 30 39
18 34 36 17 46 31 23
 8 16 44 47 35  3 19
13 32  4  5 37  7  0
15 40 11 41 20 14 12

--- Move 204 ---
 1 24  2 43 28  6 33
10 25 26 42 45 29  9
48 22 21 38 27 30 39
18 34 36 17 46 31 23
 8 16 44 47 35  3  0
13 32  4  5 37  7 19
15 40 11 41 20 14 12

--- Move 205 ---
 1 24  2 43 28  6 33
10 25 26 42 45 29  9
48 22 21 38 27 30 39
18 34 36 17 46 31 23
 8 16 44 47 35  0  3
13 32  4  5 37  7 19
15 40 11 41 20 14 12

--- Move 206 ---
 1 24  2 43 28  6 33
10 25 26 42 45 29  9
48 22 21 38 27 30 39
18 34 36 17 46 31 23
 8 16 44 47 35  7  3
13 32  4  5 37  0 19
15 40 11 41 20 14 12

--- Move 207 ---
 1 24  2 43 28  6 33
10 25 26 42 45 29  9
48 22 21 38 27 30 39
18 34 36 17 46 31 23
 8 16 44 47 35  7  3
13 32  4  5 37 19  0
15 40 11 41 20 14 12

--- Move 208 ---
 1 24  2 43 28  6 33
10 25 26 42 45 29  9
48 22 21 38 27 30 39
18 34 36 17 46 31 23
 8 16 44 47 35  7  3
13 32  4  5 37 19 12
15 40 11 41 20 14  0

--- Move 209 ---
 1 24  2 43 28  6 33
10 25 26 42 45 29  9
48 22 21 38 27 30 39
18 34 36 17 46 31 23
 8 16 44 47 35  7  3
13 32  4  5 37 19 12
15 40 11 41 20  0 14

--- Move 210 ---
 1 24  2 43 28  6 33
10 25 26 42 45 29  9
48 22 21 38 27 30 39
18 34 36 17 46 31 23
 8 16 44 47 35  7  3
13 32  4  5 37 19 12
15 40 11 41  0 20 14

--- Move 211 ---
 1 24  2 43 28  6 33
10 25 26 42 45 29  9
48 22 21 38 27 30 39
18 34 36 17 46 31 23
 8 16 44 47 35  7  3
13 32  4  5  0 19 12
15 40 11 41 37 20 14

--- Move 212 ---
 1 24  2 43 28  6 33
10 25 26 42 45 29  9
48 22 21 38 27 30 39
18 34 36 17 46 31 23
 8 16 44 47  0  7  3
13 32  4  5 35 19 12
15 40 11 41 37 20 14

--- Move 213 ---
 1 24  2 43 28  6 33
10 25 26 42 45 29  9
48 22 21 38 27 30 39
18 34 36 17  0 31 23
 8 16 44 47 46  7  3
13 32  4  5 35 19 12
15 40 11 41 37 20 14

--- Move 214 ---
 1 24  2 43 28  6 33
10 25 26 42 45 29  9
48 22 21 38 27 30 39
18 34 36  0 17 31 23
 8 16 44 47 46  7  3
13 32  4  5 35 19 12
15 40 11 41 37 20 14

--- Move 215 ---
 1 24  2 43 28  6 33
10 25 26 42 45 29  9
48 22 21  0 27 30 39
18 34 36 38 17 31 23
 8 16 44 47 46  7  3
13 32  4  5 35 19 12
15 40 11 41 37 20 14

--- Move 216 ---
 1 24  2 43 28  6 33
10 25 26  0 45 29  9
48 22 21 42 27 30 39
18 34 36 38 17 31 23
 8 16 44 47 46  7  3
13 32  4  5 35 19 12
15 40 11 41 37 20 14

--- Move 217 ---
 1 24  2 43 28  6 33
10 25 26 45  0 29  9
48 22 21 42 27 30 39
18 34 36 38 17 31 23
 8 16 44 47 46  7  3
13 32  4  5 35 19 12
15 40 11 41 37 20 14

--- Move 218 ---
 1 24  2 43 28  6 33
10 25 26 45 27 29  9
48 22 21 42  0 30 39
18 34 36 38 17 31 23
 8 16 44 47 46  7  3
13 32  4  5 35 19 12
15 40 11 41 37 20 14

--- Move 219 ---
 1 24  2 43 28  6 33
10 25 26 45 27 29  9
48 22 21  0 42 30 39
18 34 36 38 17 31 23
 8 16 44 47 46  7  3
13 32  4  5 35 19 12
15 40 11 41 37 20 14

--- Move 220 ---
 1 24  2 43 28  6 33
10 25 26  0 27 29  9
48 22 21 45 42 30 39
18 34 36 38 17 31 23
 8 16 44 47 46  7  3
13 32  4  5 35 19 12
15 40 11 41 37 20 14

--- Move 221 ---
 1 24  2 43 28  6 33
10 25 26 27  0 29  9
48 22 21 45 42 30 39
18 34 36 38 17 31 23
 8 16 44 47 46  7  3
13 32  4  5 35 19 12
15 40 11 41 37 20 14

--- Move 222 ---
 1 24  2 43 28  6 33
10 25 26 27 42 29  9
48 22 21 45  0 30 39
18 34 36 38 17 31 23
 8 16 44 47 46  7  3
13 32  4  5 35 19 12
15 40 11 41 37 20 14

--- Move 223 ---
 1 24  2 43 28  6 33
10 25 26 27 42 29  9
48 22 21  0 45 30 39
18 34 36 38 17 31 23
 8 16 44 47 46  7  3
13 32  4  5 35 19 12
15 40 11 41 37 20 14

--- Move 224 ---
 1 24  2 43 28  6 33
10 25 26 27 42 29  9
48 22 21 38 45 30 39
18 34 36  0 17 31 23
 8 16 44 47 46  7  3
13 32  4  5 35 19 12
15 40 11 41 37 20 14

--- Move 225 ---
 1 24  2 43 28  6 33
10 25 26 27 42 29  9
48 22 21 38 45 30 39
18 34 36 17  0 31 23
 8 16 44 47 46  7  3
13 32  4  5 35 19 12
15 40 11 41 37 20 14

--- Move 226 ---
 1 24  2 43 28  6 33
10 25 26 27 42 29  9
48 22 21 38  0 30 39
18 34 36 17 45 31 23
 8 16 44 47 46  7  3
13 32  4  5 35 19 12
15 40 11 41 37 20 14

--- Move 227 ---
 1 24  2 43 28  6 33
10 25 26 27  0 29  9
48 22 21 38 42 30 39
18 34 36 17 45 31 23
 8 16 44 47 46  7  3
13 32  4  5 35 19 12
15 40 11 41 37 20 14

--- Move 228 ---
 1 24  2 43  0  6 33
10 25 26 27 28 29  9
48 22 21 38 42 30 39
18 34 36 17 45 31 23
 8 16 44 47 46  7  3
13 32  4  5 35 19 12
15 40 11 41 37 20 14

--- Move 229 ---
 1 24  2  0 43  6 33
10 25 26 27 28 29  9
48 22 21 38 42 30 39
18 34 36 17 45 31 23
 8 16 44 47 46  7  3
13 32  4  5 35 19 12
15 40 11 41 37 20 14

--- Move 230 ---
 1 24  2 27 43  6 33
10 25 26  0 28 29  9
48 22 21 38 42 30 39
18 34 36 17 45 31 23
 8 16 44 47 46  7  3
13 32  4  5 35 19 12
15 40 11 41 37 20 14

--- Move 231 ---
 1 24  2 27 43  6 33
10 25 26 28  0 29  9
48 22 21 38 42 30 39
18 34 36 17 45 31 23
 8 16 44 47 46  7  3
13 32  4  5 35 19 12
15 40 11 41 37 20 14

--- Move 232 ---
 1 24  2 27 43  6 33
10 25 26 28 29  0  9
48 22 21 38 42 30 39
18 34 36 17 45 31 23
 8 16 44 47 46  7  3
13 32  4  5 35 19 12
15 40 11 41 37 20 14

--- Move 233 ---
 1 24  2 27 43  6 33
10 25 26 28 29 30  9
48 22 21 38 42  0 39
18 34 36 17 45 31 23
 8 16 44 47 46  7  3
13 32  4  5 35 19 12
15 40 11 41 37 20 14

--- Move 234 ---
 1 24  2 27 43  6 33
10 25 26 28 29 30  9
48 22 21 38 42 39  0
18 34 36 17 45 31 23
 8 16 44 47 46  7  3
13 32  4  5 35 19 12
15 40 11 41 37 20 14

--- Move 235 ---
 1 24  2 27 43  6 33
10 25 26 28 29 30  0
48 22 21 38 42 39  9
18 34 36 17 45 31 23
 8 16 44 47 46  7  3
13 32  4  5 35 19 12
15 40 11 41 37 20 14

--- Move 236 ---
 1 24  2 27 43  6 33
10 25 26 28 29  0 30
48 22 21 38 42 39  9
18 34 36 17 45 31 23
 8 16 44 47 46  7  3
13 32  4  5 35 19 12
15 40 11 41 37 20 14

--- Move 237 ---
 1 24  2 27 43  6 33
10 25 26 28  0 29 30
48 22 21 38 42 39  9
18 34 36 17 45 31 23
 8 16 44 47 46  7  3
13 32  4  5 35 19 12
15 40 11 41 37 20 14

--- Move 238 ---
 1 24  2 27 43  6 33
10 25 26 28 42 29 30
48 22 21 38  0 39  9
18 34 36 17 45 31 23
 8 16 44 47 46  7  3
13 32  4  5 35 19 12
15 40 11 41 37 20 14

--- Move 239 ---
 1 24  2 27 43  6 33
10 25 26 28 42 29 30
